GEQ with 20 alternatives (seed 0)
it |init pts | corrects | ranks |tau_min|tau_max|tau_mu |tau_med| center ok| deleted 
 1 |  3000   |    0     | 2950  |-0.368 | 0.957 | 0.245 | 0.231 |          |  1411   
 2 |  3117   |    0     | 2567  |-0.357 | 0.957 | 0.330 | 0.315 |          |  1577   
 3 |  3047   |    0     | 2113  |-0.221 | 0.968 | 0.388 | 0.389 |          |  1454   
 4 |  3029   |    1     | 1775  |-0.315 | 1.000 | 0.438 | 0.442 |          |  1549   
 5 |  3006   |    2     | 1489  |-0.210 | 1.000 | 0.420 | 0.410 |          |  1487   
 6 |  3004   |    3     | 1211  |-0.315 | 1.000 | 0.501 | 0.515 |          |  1593   
 7 |  3002   |    8     |  949  |-0.105 | 1.000 | 0.625 | 0.642 |          |  1775   
 8 |  2832   |    34    |  555  | 0.000 | 1.000 | 0.666 | 0.684 |          |  1559   
 9 |  2451   |    63    |  307  |-0.042 | 1.000 | 0.676 | 0.705 |          |   964   
10 |  2689   |    98    |  281  |-0.042 | 1.000 | 0.658 | 0.663 |          |  1012   
11 |  2845   |   154    |  201  | 0.157 | 1.000 | 0.730 | 0.757 |          |  1229   
12 |  2686   |   247    |  156  | 0.105 | 1.000 | 0.694 | 0.705 |          |  1164   
13 |  2424   |   380    |  109  | 0.105 | 1.000 | 0.787 | 0.821 |          |   830   
14 |  2445   |   569    |  56   | 0.305 | 1.000 | 0.858 | 0.842 |          |   957   
15 |  2278   |   812    |  40   | 0.305 | 1.000 | 0.889 | 0.905 |          |   988   
16 |  2812   |   1671   |  16   | 0.610 | 1.000 | 0.951 | 1.000 |          |   875   
17 |  2943   |   2554   |   8   | 0.663 | 1.000 | 0.976 | 1.000 |          |   265   
18 |  2686   |   2561   |   3   | 0.673 | 1.000 | 0.988 | 1.000 |          |   125   
19 |  2567   |   2567   |   0   | 1.000 | 1.000 | 1.000 | 1.000 |          |    0    
20 |  2572   |   2572   |   0   | 1.000 | 1.000 | 1.000 | 1.000 |          |    0    

GEQ with 20 alternatives (seed 1)
it |init pts | corrects | ranks |tau_min|tau_max|tau_mu |tau_med| center ok| deleted 
 1 |  3000   |    0     | 2997  |-0.578 | 0.978 | 0.175 | 0.178 |          |  1229   
 2 |  3494   |    0     | 3269  |-0.578 | 0.978 | 0.204 | 0.210 |          |  1556   
 3 |  3750   |    0     | 3343  |-0.578 | 0.873 | 0.184 | 0.200 |          |  2258   
 4 |  3012   |    0     | 2493  |-0.305 | 0.957 | 0.251 | 0.252 |          |  1123   
 5 |  3552   |    0     | 2752  |-0.305 | 0.968 | 0.253 | 0.252 |          |  1838   
 6 |  3167   |    0     | 2435  |-0.263 | 0.968 | 0.260 | 0.252 |          |  1597   
 7 |  3007   |    0     | 2200  |-0.210 | 0.968 | 0.283 | 0.273 |          |  1536   
 8 |  3003   |    1     | 2153  |-0.221 | 1.000 | 0.251 | 0.242 |          |  1446   
 9 |  3000   |    3     | 2104  |-0.221 | 1.000 | 0.325 | 0.315 |          |  1522   
10 |  2839   |    3     | 1874  |-0.189 | 1.000 | 0.301 | 0.284 |          |  1383   
11 |  2631   |    3     | 1645  |-0.273 | 1.000 | 0.304 | 0.273 |          |  1195   
12 |  2351   |    7     | 1157  |-0.168 | 1.000 | 0.395 | 0.378 |          |  1149   
13 |  2885   |    17    | 1014  |-0.168 | 1.000 | 0.465 | 0.463 |          |  1794   
14 |  2409   |    29    |  654  |-0.084 | 1.000 | 0.551 | 0.557 |          |  1238   
15 |  2510   |    48    |  540  |-0.063 | 1.000 | 0.547 | 0.536 |          |  1422   
16 |  2197   |    73    |  326  |-0.063 | 1.000 | 0.617 | 0.600 |          |   890   
17 |  2667   |   128    |  275  | 0.021 | 1.000 | 0.680 | 0.715 |          |  1408   
18 |  2296   |   231    |  228  | 0.105 | 1.000 | 0.684 | 0.757 |          |  1093   
19 |  2224   |   370    |  74   | 0.442 | 1.000 | 0.838 | 0.821 |          |  1071   
20 |  2429   |   664    |  49   | 0.557 | 1.000 | 0.893 | 0.926 |          |    0    

GEQ with 20 alternatives (seed 2)
it |init pts | corrects | ranks |tau_min|tau_max|tau_mu |tau_med| center ok| deleted 
 1 |  3000   |    0     | 2999  |-0.421 | 0.894 | 0.173 | 0.178 |          |  1661   
 2 |  3073   |    0     | 2849  |-0.410 | 0.894 | 0.226 | 0.242 |          |  1562   
 3 |  3040   |    0     | 2594  |-0.410 | 0.894 | 0.222 | 0.231 |          |  1593   
 4 |  3012   |    0     | 2433  |-0.326 | 0.915 | 0.285 | 0.273 |          |  1481   
 5 |  3006   |    0     | 2234  |-0.273 | 0.915 | 0.322 | 0.315 |          |  1405   
 6 |  3007   |    0     | 1962  |-0.273 | 0.926 | 0.367 | 0.357 |          |  1157   
 7 |  3319   |    0     | 1913  |-0.231 | 0.926 | 0.356 | 0.336 |          |  1188   
 8 |  3000   |    0     | 1960  |-0.210 | 0.926 | 0.373 | 0.357 |          |   808   
 9 |  2945   |    0     | 2001  |-0.210 | 0.957 | 0.398 | 0.378 |          |  2371   
10 |  2849   |    2     | 1329  |-0.084 | 1.000 | 0.428 | 0.421 |          |   881   
11 |  3327   |    3     | 1310  |-0.084 | 1.000 | 0.474 | 0.452 |          |  1557   
12 |  2992   |    4     | 1077  |-0.073 | 1.000 | 0.550 | 0.578 |          |  1374   
13 |  2743   |    4     |  728  | 0.031 | 1.000 | 0.603 | 0.621 |          |  1519   
14 |  2062   |    5     |  502  | 0.042 | 1.000 | 0.635 | 0.631 |          |   868   
15 |  3121   |    24    |  353  | 0.294 | 1.000 | 0.639 | 0.621 |          |  1561   
16 |  2446   |    33    |  257  | 0.284 | 1.000 | 0.691 | 0.705 |          |  1026   
17 |  2188   |    54    |  151  | 0.368 | 1.000 | 0.750 | 0.736 |          |   739   
18 |  2146   |    79    |  83   | 0.378 | 1.000 | 0.771 | 0.736 |          |  1357   
19 |  2485   |   244    |  19   | 0.463 | 1.000 | 0.901 | 0.926 |          |   516   
20 |  2846   |   332    |   7   | 0.778 | 1.000 | 0.933 | 0.926 |          |    0    

SHA with 20 alternatives (seed 0)
it |init pts | corrects | ranks |tau_min|tau_max|tau_mu |tau_med| center ok| deleted 
 1 |  3000   |    1     | 2880  |-0.389 | 1.000 | 0.272 | 0.263 |          |  1575   
 2 |  3091   |    1     | 2663  |-0.389 | 1.000 | 0.309 | 0.315 |          |  1510   
 3 |  3039   |    2     | 2272  |-0.389 | 1.000 | 0.384 | 0.378 |          |  1543   
 4 |  3018   |    3     | 1974  |-0.315 | 1.000 | 0.417 | 0.421 |          |  1450   
 5 |  3009   |    4     | 1743  |-0.315 | 1.000 | 0.422 | 0.431 |          |  1451   
 6 |  3005   |    7     | 1454  |-0.231 | 1.000 | 0.446 | 0.442 |          |  1518   
 7 |  3003   |    16    | 1084  |-0.284 | 1.000 | 0.464 | 0.442 |          |  1326   
 8 |  3002   |    25    |  669  |-0.189 | 1.000 | 0.495 | 0.463 |          |  1538   
 9 |  2928   |    47    |  514  |-0.189 | 1.000 | 0.542 | 0.515 |          |  1746   
10 |  3190   |   108    |  400  |-0.357 | 1.000 | 0.608 | 0.589 |          |  1976   
11 |  3000   |   267    |  182  |-0.400 | 1.000 | 0.650 | 0.684 |          |  1030   
12 |  3102   |   399    |  89   |-0.010 | 1.000 | 0.800 | 0.863 |          |   877   
13 |  2275   |   410    |  48   | 0.189 | 1.000 | 0.879 | 0.947 |          |  1753   
14 |  2806   |   2044   |  15   | 0.505 | 1.000 | 0.932 | 1.000 |          |   346   
15 |  2472   |   2055   |  11   | 0.505 | 1.000 | 0.960 | 1.000 |          |   139   
16 |  2342   |   2064   |   7   | 0.505 | 1.000 | 0.966 | 1.000 |          |   138   
17 |  2216   |   2076   |   5   | 0.505 | 1.000 | 0.982 | 1.000 |          |   92    
18 |  2135   |   2086   |   2   | 0.831 | 1.000 | 0.997 | 1.000 |          |   49    
19 |  2102   |   2102   |   0   | 1.000 | 1.000 | 1.000 | 1.000 |          |    0    
20 |  2111   |   2111   |   0   | 1.000 | 1.000 | 1.000 | 1.000 |          |    0    

SHA with 20 alternatives (seed 1)
it |init pts | corrects | ranks |tau_min|tau_max|tau_mu |tau_med| center ok| deleted 
 1 |  3000   |    0     | 2591  |-0.178 | 0.873 | 0.301 | 0.294 |          |  1394   
 2 |  3155   |    0     | 2161  |-0.126 | 0.884 | 0.346 | 0.336 |          |  1784   
 3 |  3033   |    1     | 1707  |-0.157 | 1.000 | 0.397 | 0.410 |          |  1237   
 4 |  3338   |    2     | 1445  |-0.126 | 1.000 | 0.407 | 0.410 |          |  1534   
 5 |  3250   |    3     |  914  |-0.094 | 1.000 | 0.368 | 0.389 |          |  1024   
 6 |  3001   |    3     |  744  |-0.063 | 1.000 | 0.394 | 0.410 |          |  1144   
 7 |  3204   |    5     |  527  |-0.073 | 1.000 | 0.425 | 0.442 |          |   734   
 8 |  3001   |    5     |  340  | 0.115 | 1.000 | 0.476 | 0.452 |          |   473   
 9 |  3000   |    5     |  332  | 0.115 | 1.000 | 0.478 | 0.452 |          |   559   
10 |  3000   |    6     |  322  | 0.115 | 1.000 | 0.478 | 0.442 |          |   654   
11 |  3003   |    6     |  297  | 0.189 | 1.000 | 0.476 | 0.421 |          |   989   
12 |  3001   |    6     |  275  | 0.210 | 1.000 | 0.503 | 0.452 |          |  1126   
13 |  3000   |    9     |  218  | 0.115 | 1.000 | 0.523 | 0.494 |          |   827   
14 |  2678   |    10    |  178  | 0.115 | 1.000 | 0.487 | 0.410 |          |   855   
15 |  3000   |    19    |  129  | 0.105 | 1.000 | 0.513 | 0.410 |          |  1821   
16 |  2384   |    36    |  56   | 0.263 | 1.000 | 0.671 | 0.642 |          |  1770   
17 |  2163   |   175    |  23   | 0.505 | 1.000 | 0.709 | 0.652 |          |  1640   
18 |  2821   |   1040   |  14   | 0.536 | 1.000 | 0.832 | 0.852 |          |  1248   
19 |  2446   |   1609   |   7   | 0.715 | 1.000 | 0.952 | 1.000 |          |   807   
20 |  2538   |   2496   |   3   | 0.831 | 1.000 | 0.999 | 1.000 |          |    0    

SHA with 20 alternatives (seed 2)
it |init pts | corrects | ranks |tau_min|tau_max|tau_mu |tau_med| center ok| deleted 
 1 |  3000   |    4     | 2290  | 0.073 | 1.000 | 0.572 | 0.568 |          |  1557   
 2 |  3016   |    7     | 1760  | 0.200 | 1.000 | 0.608 | 0.610 |          |  1386   
 3 |  3105   |    12    | 1412  | 0.168 | 1.000 | 0.625 | 0.631 |          |  1353   
 4 |  3298   |    30    | 1174  | 0.189 | 1.000 | 0.623 | 0.631 |          |  1545   
 5 |  3202   |    58    |  719  | 0.189 | 1.000 | 0.679 | 0.673 |          |  1950   
 6 |  3000   |   150    |  270  | 0.221 | 1.000 | 0.747 | 0.757 |          |  1369   
 7 |  3003   |   292    |  233  | 0.294 | 1.000 | 0.806 | 0.852 |          |  1208   
 8 |  3085   |   474    |  228  | 0.294 | 1.000 | 0.822 | 0.831 |          |  1364   
 9 |  3003   |   817    |  104  | 0.294 | 1.000 | 0.870 | 0.905 |          |   953   
10 |  2626   |   1078   |  90   | 0.294 | 1.000 | 0.865 | 0.884 |          |   770   
11 |  3000   |   1693   |  68   | 0.294 | 1.000 | 0.919 | 1.000 |          |  1092   
12 |  3000   |   2647   |  34   | 0.431 | 1.000 | 0.980 | 1.000 |          |   98    
13 |  3000   |   2736   |  22   | 0.431 | 1.000 | 0.985 | 1.000 |          |   107   
14 |  3000   |   2840   |   8   | 0.800 | 1.000 | 0.994 | 1.000 |          |   55    
15 |  3000   |   2892   |   6   | 0.831 | 1.000 | 0.998 | 1.000 |          |   52    
16 |  3000   |   2939   |   5   | 0.831 | 1.000 | 0.998 | 1.000 |          |   25    
17 |  3000   |   2963   |   3   | 0.842 | 1.000 | 0.998 | 1.000 |          |   15    
18 |  3002   |   2980   |   2   | 0.842 | 1.000 | 0.999 | 1.000 |          |   14    
19 |  3000   |   2992   |   1   | 0.842 | 1.000 | 0.999 | 1.000 |          |    8    
20 |  3000   |   3000   |   0   | 1.000 | 1.000 | 1.000 | 1.000 |          |    0    

EPI with 20 alternatives (seed 0)
it |init pts | corrects | ranks |tau_min|tau_max|tau_mu |tau_med| center ok| deleted 
 1 |  3000   |    3     | 2699  |-0.210 | 1.000 | 0.448 | 0.442 |          |  1387   
 2 |  3162   |    5     | 2098  |-0.242 | 1.000 | 0.446 | 0.431 |          |  1503   
 3 |  3199   |    9     | 1552  |-0.115 | 1.000 | 0.588 | 0.610 |          |  1452   
 4 |  3319   |    18    | 1126  |-0.115 | 1.000 | 0.639 | 0.652 |          |  1607   
 5 |  3235   |    33    |  850  |-0.052 | 1.000 | 0.616 | 0.610 |          |  1544   
 6 |  3117   |    67    |  525  | 0.115 | 1.000 | 0.677 | 0.694 |          |  1405   
 7 |  3129   |   126    |  364  | 0.126 | 1.000 | 0.695 | 0.726 |          |  1585   
 8 |  3000   |   241    |  271  | 0.126 | 1.000 | 0.791 | 0.810 |          |  1363   
 9 |  3001   |   437    |  258  | 0.126 | 1.000 | 0.780 | 0.831 |          |  1588   
10 |  2806   |   835    |  152  |-0.031 | 1.000 | 0.875 | 0.936 |          |   622   
11 |  2460   |   947    |  130  |-0.031 | 1.000 | 0.869 | 0.884 |          |   446   
12 |  2248   |   1053   |  111  |-0.031 | 1.000 | 0.878 | 0.989 |          |   376   
13 |  3061   |   1709   |  72   | 0.178 | 1.000 | 0.886 | 1.000 |          |   483   
14 |  2732   |   1814   |  37   | 0.242 | 1.000 | 0.913 | 1.000 |          |   330   
15 |  2543   |   1921   |  26   | 0.242 | 1.000 | 0.937 | 1.000 |          |   229   
16 |  2438   |   2016   |  20   | 0.452 | 1.000 | 0.956 | 1.000 |          |   171   
17 |  2406   |   2139   |  14   | 0.452 | 1.000 | 0.972 | 1.000 |          |   123   
18 |  2421   |   2268   |   9   | 0.526 | 1.000 | 0.985 | 1.000 |          |   83    
19 |  2449   |   2375   |   2   | 0.789 | 1.000 | 0.995 | 1.000 |          |   74    
20 |  2465   |   2465   |   0   | 1.000 | 1.000 | 1.000 | 1.000 |          |    0    

EPI with 20 alternatives (seed 1)
it |init pts | corrects | ranks |tau_min|tau_max|tau_mu |tau_med| center ok| deleted 
 1 |  3000   |    0     | 2729  |-0.294 | 0.968 | 0.287 | 0.294 |          |  1557   
 2 |  3023   |    0     | 2156  |-0.294 | 0.968 | 0.306 | 0.305 |          |  1525   
 3 |  3004   |    0     | 1554  |-0.315 | 0.968 | 0.331 | 0.347 |          |  1473   
 4 |  3000   |    0     | 1175  |-0.200 | 0.968 | 0.399 | 0.410 |          |  1457   
 5 |  3006   |    1     |  924  |-0.200 | 1.000 | 0.405 | 0.410 |          |  1441   
 6 |  3002   |    4     |  591  |-0.157 | 1.000 | 0.426 | 0.442 |          |  1251   
 7 |  3206   |    6     |  485  |-0.126 | 1.000 | 0.478 | 0.536 |          |  1592   
 8 |  3000   |    10    |  461  |-0.126 | 1.000 | 0.481 | 0.536 |          |  1572   
 9 |  3000   |    32    |  332  |-0.189 | 1.000 | 0.537 | 0.610 |          |  1387   
10 |  3000   |    57    |  217  |-0.168 | 1.000 | 0.579 | 0.642 |          |  1652   
11 |  2384   |   112    |  129  |-0.126 | 1.000 | 0.646 | 0.715 |          |  1584   
12 |  2360   |   270    |  77   |-0.021 | 1.000 | 0.621 | 0.705 |          |  1050   
13 |  2218   |   448    |  31   | 0.178 | 1.000 | 0.757 | 0.715 |          |  1520   
14 |  2905   |   1890   |  21   | 0.421 | 1.000 | 0.916 | 1.000 |          |   611   
15 |  2313   |   1907   |   5   | 0.694 | 1.000 | 0.955 | 1.000 |          |   326   
16 |  3291   |   3167   |   2   | 0.705 | 1.000 | 0.996 | 1.000 |          |   124   
17 |  3167   |   3167   |   0   | 1.000 | 1.000 | 1.000 | 1.000 |          |    0    
18 |  3167   |   3167   |   0   | 1.000 | 1.000 | 1.000 | 1.000 |          |    0    
19 |  3167   |   3167   |   0   | 1.000 | 1.000 | 1.000 | 1.000 |          |    0    
20 |  3167   |   3167   |   0   | 1.000 | 1.000 | 1.000 | 1.000 |          |    0    

EPI with 20 alternatives (seed 2)
EPI with 20 alternatives (seed 2)
it |init pts | corrects | ranks |tau_min|tau_max|tau_mu |tau_med| center ok| deleted 
 1 |  3000   |    3     | 1753  |-0.105 | 1.000 | 0.376 | 0.368 |          |  1387   
 2 |  3189   |    5     | 1290  |-0.105 | 1.000 | 0.434 | 0.431 |          |  1565   
 3 |  3143   |    7     |  725  |-0.021 | 1.000 | 0.459 | 0.442 |          |  1552   
 4 |  3009   |    14    |  464  |-0.021 | 1.000 | 0.519 | 0.515 |          |  1357   
 5 |  3079   |    24    |  312  | 0.010 | 1.000 | 0.541 | 0.526 |          |  1771   
 6 |  3005   |    44    |  247  | 0.031 | 1.000 | 0.607 | 0.600 |          |  1507   
 7 |  3002   |    80    |  170  | 0.168 | 1.000 | 0.701 | 0.694 |          |  1766   
 8 |  2829   |   166    |  94   | 0.136 | 1.000 | 0.728 | 0.705 |          |  1562   
 9 |  2455   |   312    |  49   | 0.326 | 1.000 | 0.842 | 0.884 |          |  1786   
10 |  3270   |   1422   |  31   | 0.347 | 1.000 | 0.824 | 0.905 |          |   986   
11 |  2339   |   1459   |  21   | 0.484 | 1.000 | 0.944 | 1.000 |          |   415   
12 |  3220   |   2454   |  12   | 0.484 | 1.000 | 0.966 | 1.000 |          |   327   
13 |  2933   |   2484   |   7   | 0.557 | 1.000 | 0.980 | 1.000 |          |   209   
14 |  2759   |   2515   |   5   | 0.557 | 1.000 | 0.981 | 1.000 |          |   184   
15 |  2608   |   2546   |   3   | 0.694 | 1.000 | 0.993 | 1.000 |          |   54    
16 |  2587   |   2578   |   2   | 0.694 | 1.000 | 0.999 | 1.000 |          |    8    
17 |  2613   |   2612   |   1   | 0.694 | 1.000 | 0.999 | 1.000 |          |    1    
18 |  2647   |   2647   |   0   | 1.000 | 1.000 | 1.000 | 1.000 |          |    0    
19 |  2683   |   2683   |   0   | 1.000 | 1.000 | 1.000 | 1.000 |          |    0    
20 |  2719   |   2719   |   0   | 1.000 | 1.000 | 1.000 | 1.000 |          |    0    


GEQ with 30 alternatives (seed 3)
it |init pts | corrects | ranks |tau_min|tau_max|tau_mu |tau_med| center ok| deleted 
 1 |  3000   |    0     | 3000  |-0.333 | 0.737 | 0.176 | 0.181 |          |  1412   
 2 |  3120   |    0     | 2997  |-0.305 | 0.756 | 0.179 | 0.186 |          |  1562   
 3 |  3027   |    0     | 2876  |-0.268 | 0.756 | 0.235 | 0.245 |          |  1312   
 4 |  3207   |    0     | 2993  |-0.264 | 0.783 | 0.246 | 0.250 |          |  1710   
 5 |  3010   |    0     | 2752  |-0.195 | 0.783 | 0.291 | 0.296 |          |  1451   
 6 |  3005   |    0     | 2638  |-0.195 | 0.820 | 0.280 | 0.282 |          |  1482   
 7 |  3001   |    0     | 2562  |-0.167 | 0.834 | 0.296 | 0.296 |          |  1467   
 8 |  3000   |    0     | 2605  |-0.167 | 0.834 | 0.353 | 0.356 |          |  1577   
 9 |  2903   |    0     | 2422  |-0.043 | 0.797 | 0.354 | 0.356 |          |  1485   
10 |  2495   |    0     | 1935  |-0.043 | 0.797 | 0.357 | 0.351 |          |  1159   
11 |  2194   |    0     | 1574  |-0.089 | 0.802 | 0.337 | 0.342 |          |  1044   
12 |  2776   |    0     | 1822  |-0.043 | 0.806 | 0.367 | 0.370 |          |  1374   
13 |  2216   |    0     | 1266  |-0.043 | 0.806 | 0.379 | 0.383 |          |  1127   
14 |  2542   |    0     | 1373  | 0.034 | 0.862 | 0.382 | 0.383 |          |  1221   
15 |  2019   |    0     | 1146  | 0.080 | 0.857 | 0.415 | 0.402 |          |   947   
16 |  2402   |    0     | 1333  | 0.075 | 0.829 | 0.408 | 0.406 |          |  1092   
17 |  2943   |    0     | 1299  | 0.075 | 0.857 | 0.413 | 0.397 |          |  1492   
18 |  2185   |    0     | 1128  | 0.075 | 0.917 | 0.478 | 0.480 |          |  1190   
19 |  2838   |    0     | 1237  | 0.075 | 0.935 | 0.438 | 0.420 |          |  1357   
20 |  2095   |    0     | 1042  | 0.075 | 0.935 | 0.456 | 0.420 |          |  1056   
21 |  2169   |    0     | 1098  | 0.075 | 0.848 | 0.481 | 0.480 |          |  1005   
22 |  2402   |    0     | 1009  | 0.075 | 0.848 | 0.492 | 0.489 |          |  1179   
23 |  2655   |    0     |  376  | 0.199 | 0.848 | 0.609 | 0.613 |          |  1280   
24 |  2743   |    0     |  191  | 0.337 | 0.848 | 0.601 | 0.599 |          |  1409   
25 |  2204   |    0     |  131  | 0.425 | 0.848 | 0.672 | 0.668 |          |   985   
26 |  2000   |    0     |  94   | 0.370 | 0.848 | 0.706 | 0.728 |          |  1588   
27 |  1245   |    0     |  68   | 0.370 | 0.894 | 0.703 | 0.737 |          |   305   
28 |  2284   |    0     |  95   | 0.356 | 0.894 | 0.711 | 0.742 |          |  1889   
29 |   934   |    0     |  73   | 0.356 | 0.894 | 0.715 | 0.737 |          |   549   
30 |   931   |    0     |  79   | 0.356 | 0.935 | 0.728 | 0.728 |          |    0    

