var(var(ref)/var(alt)) 
0|+5.274|+0.944|+1.650|+0.932|+2.139|+0.653|+3.117|+0.856|+3.000|
1|+1.245|+3.955|+3.865|+0.209|+1.680|+0.245|+2.951|+0.301|+1.428|
2|+3.109|+1.306|+4.718|+0.400|+0.636|+0.649|+0.526|+0.702|+0.490|

var(mean(ref)/mean(alt)) 
0|+0.088|+0.009|+0.075|+0.299|+0.122|+0.228|+0.266|+0.027|+0.318|
1|+0.056|+0.012|+0.097|+0.122|+0.137|+0.230|+0.246|+0.022|+0.488|
2|+0.248|+0.018|+0.114|+0.324|+0.081|+0.369|+0.074|+0.076|+0.330|

mean(var(ref)/var(alt)) 
0|+3.965|+2.168|+2.449|+1.821|+2.590|+1.744|+3.098|+2.958|+2.363|
1|+2.171|+3.429|+2.868|+1.059|+2.668|+1.296|+2.966|+1.373|+2.072|
2|+3.540|+2.409|+4.284|+1.190|+2.241|+2.470|+1.572|+1.738|+1.265|

mean(mean(ref)/mean(alt)) 
0|+0.873|+1.024|+0.776|+0.691|+0.684|+1.226|+1.058|+0.862|+0.820|
1|+1.004|+0.937|+0.891|+1.128|+0.836|+1.463|+0.756|+0.865|+0.843|
2|+0.669|+1.080|+0.895|+0.673|+0.685|+0.947|+1.068|+0.885|+0.812|

