ref_num: [2, 3, 5, 10, 15, 25]
alt_num: [10, 20, 40, 80]
seed_list: range(0, 5)
  1,  6, 21, 84
  2,  9, 24,124
  1,  9, 24,134
  5, 10, 42,140
  5,  9, 33,151
  4, 15, 38,158


ref_num: [2, 3, 5, 10, 15, 25]
alt_num: [10, 20, 40, 80]
seed_list: range(0, 5)
  1,  6, 21, 84
  2,  9, 24,124
  1,  9, 24,134
  5, 10, 42,140
  5,  9, 33,151
  4, 15, 38,158


ref_num: [2, 3, 5, 10, 15, 25]
alt_num: [10, 20, 40, 80]
seed_list: range(0, 20)
 13, 45,174,645
 11, 45,176,692
 11, 51,157,660
 15, 43,179,655
 10, 32,155,650
 12, 58,151,639


ref_num: [2, 3, 5, 10, 15, 25]
alt_num: [10, 20, 40, 80]
seed_list: range(0, 20)
 13, 45,196,840
 11, 47,196,886
 11, 53,173,833
 16, 44,195,829
 11, 34,171,814
 12, 59,165,786


