### NEW RESULTS (NO MORE MACHINE DEPENDENT I HOPE)

EPI with 20 alternatives (seed 0)
it |init pts | corrects | ranks |tau_min|tau_max|tau_mu |tau_med| center ok| deleted 
 1 |  3000   |    3     | 2699  |-0.210 | 1.000 | 0.448 | 0.442 |          |  1387   
 2 |  3162   |    5     | 2098  |-0.242 | 1.000 | 0.446 | 0.431 |          |  1248   
 3 |  3706   |    13    | 1868  |-0.178 | 1.000 | 0.466 | 0.452 |          |  1557   
 4 |  3014   |    19    | 1501  |-0.105 | 1.000 | 0.527 | 0.536 |          |  1089   
 5 |  3598   |    31    | 1237  |-0.105 | 1.000 | 0.510 | 0.515 |          |  1683   
 6 |  3503   |    59    |  779  | 0.052 | 1.000 | 0.675 | 0.673 |          |  1581   
 7 |  3481   |   101    |  590  | 0.052 | 1.000 | 0.676 | 0.684 |          |  1063   
 8 |  3004   |   121    |  480  | 0.126 | 1.000 | 0.744 | 0.789 |          |  1093   
 9 |  3330   |   191    |  360  | 0.126 | 1.000 | 0.743 | 0.789 |          |   781   
10 |  3000   |   226    |  271  | 0.136 | 1.000 | 0.781 | 0.810 |          |   544   
11 |  3004   |   284    |  226  | 0.136 | 1.000 | 0.836 | 0.831 |          |   385   
12 |  3000   |   322    |  173  | 0.315 | 1.000 | 0.837 | 0.831 |          |   392   
13 |  3000   |   377    |  173  | 0.315 | 1.000 | 0.851 | 0.842 |          |   237   
14 |  3000   |   403    |  120  | 0.326 | 1.000 | 0.865 | 0.852 |          |   141   
15 |  3002   |   425    |  67   | 0.431 | 1.000 | 0.875 | 0.957 |          |   105   
16 |  3001   |   443    |  56   | 0.431 | 1.000 | 0.881 | 0.957 |          |   41    
17 |  3000   |   447    |  51   | 0.431 | 1.000 | 0.881 | 0.957 |          |  1226   
18 |  3001   |   748    |  34   | 0.431 | 1.000 | 0.898 | 0.968 |          |  1666   
19 |  2673   |   1486   |  19   | 0.463 | 1.000 | 0.918 | 1.000 |          |  1036   
20 |  2945   |   2685   |   9   | 0.526 | 1.000 | 0.980 | 1.000 |          |    0    

EPI with 20 alternatives (seed 1)
it |init pts | corrects | ranks |tau_min|tau_max|tau_mu |tau_med| center ok| deleted 
 1 |  3000   |    0     | 2729  |-0.294 | 0.968 | 0.287 | 0.294 |          |  1557   
 2 |  3023   |    0     | 2156  |-0.294 | 0.968 | 0.306 | 0.305 |          |  1378   
 3 |  3206   |    0     | 1782  |-0.294 | 0.968 | 0.316 | 0.305 |          |  1581   
 4 |  3142   |    1     | 1307  |-0.178 | 1.000 | 0.293 | 0.273 |          |  1615   
 5 |  3006   |    3     | 1039  |-0.200 | 1.000 | 0.322 | 0.294 |          |  1540   
 6 |  3001   |    4     |  858  |-0.242 | 1.000 | 0.360 | 0.326 |          |  1363   
 7 |  3044   |    6     |  521  |-0.157 | 1.000 | 0.386 | 0.357 |          |  1731   
 8 |  3000   |    25    |  495  |-0.252 | 1.000 | 0.561 | 0.631 |          |  1744   
 9 |  2951   |    77    |  321  | 0.105 | 1.000 | 0.773 | 0.800 |          |  1656   
10 |  2643   |   162    |  236  | 0.094 | 1.000 | 0.786 | 0.842 |          |   956   
11 |  3000   |   308    |  106  | 0.305 | 1.000 | 0.858 | 0.852 |          |   248   
12 |  2955   |   348    |  65   | 0.536 | 1.000 | 0.871 | 0.863 |          |   112   
13 |  3000   |   390    |  42   | 0.536 | 1.000 | 0.875 | 0.863 |          |   241   
14 |  2924   |   422    |  28   | 0.536 | 1.000 | 0.878 | 0.863 |          |   45    
15 |  3000   |   458    |  24   | 0.536 | 1.000 | 0.879 | 0.863 |          |    9    
16 |  3000   |   458    |  21   | 0.536 | 1.000 | 0.880 | 0.863 |          |  1212   
17 |  2989   |   775    |  12   | 0.557 | 1.000 | 0.904 | 0.863 |          |   142   
18 |  2969   |   824    |   5   | 0.747 | 1.000 | 0.918 | 0.863 |          |    8    
19 |  3000   |   840    |   4   | 0.747 | 1.000 | 0.919 | 0.863 |          |  1731   
20 |  3094   |   1988   |   2   | 0.873 | 1.000 | 0.995 | 1.000 |          |    0    

EPI with 20 alternatives (seed 2)
it |init pts | corrects | ranks |tau_min|tau_max|tau_mu |tau_med| center ok| deleted 
 1 |  3000   |    3     | 1753  |-0.105 | 1.000 | 0.376 | 0.368 |          |  1387   
 2 |  3189   |    5     | 1290  |-0.105 | 1.000 | 0.434 | 0.431 |          |  1565   
 3 |  3143   |    7     |  725  |-0.021 | 1.000 | 0.459 | 0.442 |          |  1552   
 4 |  3009   |    14    |  464  |-0.021 | 1.000 | 0.519 | 0.515 |          |  1357   
 5 |  3079   |    24    |  312  | 0.010 | 1.000 | 0.541 | 0.526 |          |   989   
 6 |  3008   |    29    |  344  |-0.031 | 1.000 | 0.553 | 0.547 |          |  1465   
 7 |  3006   |    48    |  266  |-0.031 | 1.000 | 0.528 | 0.515 |          |  2453   
 8 |  3063   |   220    |  69   | 0.168 | 1.000 | 0.677 | 0.684 |          |   356   
 9 |  3001   |   244    |  72   | 0.168 | 1.000 | 0.693 | 0.705 |          |   537   
10 |  3001   |   296    |  56   | 0.178 | 1.000 | 0.718 | 0.705 |          |   482   
11 |  3000   |   367    |  44   | 0.336 | 1.000 | 0.747 | 0.778 |          |  2494   
12 |  2278   |   1656   |  21   | 0.515 | 1.000 | 0.949 | 1.000 |          |   274   
13 |  2126   |   1758   |  15   | 0.536 | 1.000 | 0.975 | 1.000 |          |   208   
14 |  3191   |   2937   |   7   | 0.568 | 1.000 | 0.992 | 1.000 |          |   187   
15 |  3004   |   2937   |   3   | 0.694 | 1.000 | 0.994 | 1.000 |          |   47    
16 |  3001   |   2980   |   2   | 0.694 | 1.000 | 0.999 | 1.000 |          |   20    
17 |  3000   |   2999   |   1   | 0.694 | 1.000 | 0.999 | 1.000 |          |    1    
18 |  3000   |   3000   |   0   | 1.000 | 1.000 | 1.000 | 1.000 |          |    0    
19 |  3000   |   3000   |   0   | 1.000 | 1.000 | 1.000 | 1.000 |          |    0    
20 |  3000   |   3000   |   0   | 1.000 | 1.000 | 1.000 | 1.000 |          |    0    

SHA with 20 alternatives (seed 0)
it |init pts | corrects | ranks |tau_min|tau_max|tau_mu |tau_med| center ok| deleted 
 1 |  3000   |    1     | 2880  |-0.389 | 1.000 | 0.272 | 0.263 |          |  1305   
 2 |  3309   |    2     | 2657  |-0.389 | 1.000 | 0.248 | 0.242 |          |  1618   
 3 |  3234   |    2     | 2391  |-0.389 | 1.000 | 0.244 | 0.242 |          |  1350   
 4 |  3564   |    4     | 2374  |-0.389 | 1.000 | 0.275 | 0.273 |          |  1814   
 5 |  3233   |    7     | 1741  |-0.389 | 1.000 | 0.407 | 0.400 |          |   839   
 6 |  3004   |    7     | 1626  |-0.221 | 1.000 | 0.460 | 0.452 |          |  1380   
 7 |  3005   |    15    | 1350  |-0.136 | 1.000 | 0.498 | 0.484 |          |  1457   
 8 |  3001   |    25    | 1112  |-0.147 | 1.000 | 0.507 | 0.494 |          |  1282   
 9 |  3001   |    46    |  923  |-0.200 | 1.000 | 0.544 | 0.526 |          |  1413   
10 |  3000   |    88    |  708  |-0.200 | 1.000 | 0.570 | 0.557 |          |  1908   
11 |  3000   |   180    |  576  |-0.189 | 1.000 | 0.596 | 0.621 |          |  1514   
12 |  2447   |   286    |  314  |-0.189 | 1.000 | 0.687 | 0.747 |          |   370   
13 |  2320   |   318    |  166  | 0.094 | 1.000 | 0.756 | 0.810 |          |   567   
14 |  2723   |   490    |  130  | 0.094 | 1.000 | 0.787 | 0.842 |          |   115   
15 |  2792   |   529    |  108  | 0.094 | 1.000 | 0.795 | 0.842 |          |   85    
16 |  2906   |   567    |  93   | 0.094 | 1.000 | 0.796 | 0.842 |          |   60    
17 |  3000   |   591    |  83   | 0.094 | 1.000 | 0.798 | 0.842 |          |   373   
18 |  2773   |   621    |  56   | 0.400 | 1.000 | 0.842 | 0.852 |          |   278   
19 |  2624   |   657    |  43   | 0.400 | 1.000 | 0.847 | 0.873 |          |   212   
20 |  2539   |   691    |  26   | 0.484 | 1.000 | 0.865 | 0.884 |          |    0    

SHA with 20 alternatives (seed 1)
it |init pts | corrects | ranks |tau_min|tau_max|tau_mu |tau_med| center ok| deleted 
 1 |  3000   |    0     | 2591  |-0.178 | 0.873 | 0.301 | 0.294 |          |  1394   
 2 |  3155   |    0     | 2161  |-0.126 | 0.884 | 0.346 | 0.336 |          |  1033   
 3 |  3006   |    1     | 1928  |-0.126 | 1.000 | 0.367 | 0.368 |          |   557   
 4 |  3007   |    1     | 1777  |-0.115 | 1.000 | 0.375 | 0.378 |          |   621   
 5 |  3039   |    1     | 1733  |-0.115 | 1.000 | 0.394 | 0.400 |          |  1195   
 6 |  3340   |    2     | 1228  |-0.105 | 1.000 | 0.395 | 0.410 |          |  1470   
 7 |  3302   |    4     |  744  |-0.094 | 1.000 | 0.360 | 0.389 |          |  1429   
 8 |  3273   |    7     |  602  |-0.094 | 1.000 | 0.412 | 0.410 |          |  2486   
 9 |  3000   |    22    |  452  |-0.073 | 1.000 | 0.420 | 0.400 |          |  1638   
10 |  3000   |    39    |  291  |-0.073 | 1.000 | 0.448 | 0.421 |          |   612   
11 |  3000   |    42    |  202  | 0.263 | 1.000 | 0.491 | 0.442 |          |  2429   
12 |  3000   |   337    |  188  | 0.263 | 1.000 | 0.694 | 0.652 |          |  1469   
13 |  2536   |   562    |  117  | 0.263 | 1.000 | 0.784 | 0.736 |          |  1058   
14 |  2416   |   918    |  74   | 0.284 | 1.000 | 0.841 | 0.757 |          |   300   
15 |  2136   |   919    |  48   | 0.400 | 1.000 | 0.861 | 0.947 |          |   172   
16 |  3228   |   1448   |  33   | 0.400 | 1.000 | 0.874 | 0.947 |          |    7    
17 |  3221   |   1448   |  28   | 0.400 | 1.000 | 0.874 | 0.947 |          |    5    
18 |  3216   |   1448   |  24   | 0.400 | 1.000 | 0.874 | 0.947 |          |   363   
19 |  2861   |   1451   |  17   | 0.431 | 1.000 | 0.898 | 1.000 |          |  1020   
20 |  2754   |   2177   |   8   | 0.778 | 1.000 | 0.988 | 1.000 |          |    0    

SHA with 20 alternatives (seed 2)
it |init pts | corrects | ranks |tau_min|tau_max|tau_mu |tau_med| center ok| deleted 
 1 |  3000   |    4     | 2290  | 0.073 | 1.000 | 0.572 | 0.568 |          |  1557   
 2 |  3016   |    7     | 1760  | 0.200 | 1.000 | 0.608 | 0.610 |          |  1386   
 3 |  3105   |    12    | 1412  | 0.168 | 1.000 | 0.625 | 0.631 |          |   754   
 4 |  3029   |    18    | 1213  | 0.200 | 1.000 | 0.634 | 0.642 |          |   738   
 5 |  3004   |    29    | 1092  | 0.136 | 1.000 | 0.644 | 0.652 |          |  1678   
 6 |  3010   |    84    |  786  | 0.210 | 1.000 | 0.671 | 0.673 |          |  1390   
 7 |  3004   |   164    |  439  | 0.178 | 1.000 | 0.717 | 0.747 |          |  1212   
 8 |  3071   |   290    |  418  | 0.168 | 1.000 | 0.750 | 0.736 |          |  1206   
 9 |  3164   |   505    |  197  | 0.305 | 1.000 | 0.841 | 0.884 |          |  1040   
10 |  3000   |   722    |  232  | 0.305 | 1.000 | 0.837 | 0.884 |          |  1371   
11 |  3001   |   1317   |  105  | 0.305 | 1.000 | 0.878 | 0.968 |          |  1294   
12 |  3000   |   2307   |  42   | 0.431 | 1.000 | 0.972 | 1.000 |          |   323   
13 |  3000   |   2577   |  33   | 0.431 | 1.000 | 0.974 | 1.000 |          |   164   
14 |  3001   |   2722   |  22   | 0.547 | 1.000 | 0.988 | 1.000 |          |   84    
15 |  3000   |   2799   |   9   | 0.768 | 1.000 | 0.992 | 1.000 |          |   65    
16 |  3000   |   2858   |   7   | 0.768 | 1.000 | 0.995 | 1.000 |          |   56    
17 |  3001   |   2914   |   4   | 0.842 | 1.000 | 0.998 | 1.000 |          |   51    
18 |  3000   |   2964   |   3   | 0.842 | 1.000 | 0.999 | 1.000 |          |   13    
19 |  3000   |   2977   |   2   | 0.842 | 1.000 | 0.999 | 1.000 |          |   12    
20 |  3001   |   2990   |   1   | 0.842 | 1.000 | 0.999 | 1.000 |          |    0    

GEQ with 20 alternatives (seed 0)
it |init pts | corrects | ranks |tau_min|tau_max|tau_mu |tau_med| center ok| deleted 
 1 |  3000   |    0     | 2950  |-0.368 | 0.957 | 0.245 | 0.231 |          |  1195   
 2 |  3560   |    0     | 2924  |-0.347 | 0.957 | 0.291 | 0.284 |          |  1437   
 3 |  3036   |    0     | 2544  |-0.305 | 0.957 | 0.326 | 0.305 |          |  1425   
 4 |  3041   |    0     | 2012  |-0.305 | 0.957 | 0.386 | 0.389 |          |  1336   
 5 |  3192   |    0     | 1711  |-0.210 | 0.957 | 0.338 | 0.326 |          |  1423   
 6 |  3186   |    1     | 1438  |-0.210 | 1.000 | 0.342 | 0.336 |          |  1549   
 7 |  3000   |    3     |  989  |-0.136 | 1.000 | 0.369 | 0.326 |          |  1448   
 8 |  3003   |    4     |  792  |-0.294 | 1.000 | 0.446 | 0.463 |          |  1308   
 9 |  3000   |    10    |  531  |-0.136 | 1.000 | 0.555 | 0.568 |          |  1308   
10 |  3002   |    22    |  418  | 0.042 | 1.000 | 0.695 | 0.726 |          |  1819   
11 |  2465   |    66    |  247  | 0.094 | 1.000 | 0.728 | 0.778 |          |   936   
12 |  2871   |   127    |  199  | 0.168 | 1.000 | 0.685 | 0.684 |          |  1462   
13 |  2468   |   217    |  97   | 0.242 | 1.000 | 0.813 | 0.831 |          |   524   
14 |  3127   |   326    |  53   | 0.242 | 1.000 | 0.832 | 0.873 |          |   434   
15 |  2839   |   349    |  29   | 0.421 | 1.000 | 0.867 | 0.905 |          |   246   
16 |  2736   |   379    |  14   | 0.494 | 1.000 | 0.875 | 0.905 |          |   158   
17 |  2704   |   400    |   9   | 0.568 | 1.000 | 0.884 | 0.905 |          |  1126   
18 |  2479   |   615    |   3   | 0.663 | 1.000 | 0.922 | 0.905 |          |   163   
19 |  2390   |   640    |   2   | 0.905 | 1.000 | 0.941 | 0.905 |          |   400   
20 |  3011   |   922    |   1   | 0.905 | 1.000 | 0.934 | 0.905 |          |    0    

GEQ with 20 alternatives (seed 1)
it |init pts | corrects | ranks |tau_min|tau_max|tau_mu |tau_med| center ok| deleted 
 1 |  3000   |    0     | 2997  |-0.578 | 0.978 | 0.175 | 0.178 |          |  1613   
 2 |  3008   |    0     | 2845  |-0.578 | 0.978 | 0.144 | 0.147 |          |  1683   
 3 |  3022   |    0     | 2712  |-0.336 | 0.978 | 0.257 | 0.263 |          |  1442   
 4 |  3005   |    0     | 2602  |-0.368 | 0.894 | 0.210 | 0.210 |          |  1577   
 5 |  3003   |    0     | 2497  |-0.284 | 0.926 | 0.292 | 0.294 |          |  1221   
 6 |  3272   |    0     | 2571  |-0.284 | 0.926 | 0.255 | 0.252 |          |  1670   
 7 |  3001   |    0     | 2180  |-0.210 | 0.957 | 0.314 | 0.305 |          |  1253   
 8 |  3014   |    1     | 2032  |-0.210 | 1.000 | 0.337 | 0.315 |          |  1634   
 9 |  3000   |    4     | 2031  |-0.157 | 1.000 | 0.374 | 0.368 |          |  1409   
10 |  3000   |    6     | 1848  |-0.178 | 1.000 | 0.400 | 0.389 |          |  1269   
11 |  3000   |    8     | 1532  |-0.178 | 1.000 | 0.354 | 0.336 |          |  1624   
12 |  2399   |    11    | 1057  |-0.094 | 1.000 | 0.533 | 0.526 |          |  1116   
13 |  2996   |    21    |  939  | 0.094 | 1.000 | 0.548 | 0.526 |          |  1346   
14 |  2482   |    28    |  548  | 0.126 | 1.000 | 0.597 | 0.589 |          |   998   
15 |  2159   |    42    |  408  | 0.200 | 1.000 | 0.663 | 0.673 |          |  1194   
16 |  2620   |   102    |  282  | 0.305 | 1.000 | 0.702 | 0.726 |          |  1335   
17 |  2531   |   170    |  117  | 0.273 | 1.000 | 0.723 | 0.736 |          |  1085   
18 |  2599   |   272    |  85   | 0.315 | 1.000 | 0.750 | 0.747 |          |  1081   
19 |  2602   |   427    |  56   | 0.315 | 1.000 | 0.749 | 0.757 |          |   825   
20 |  2296   |   521    |  37   | 0.431 | 1.000 | 0.810 | 0.768 |          |    0    

GEQ with 20 alternatives (seed 2)
it |init pts | corrects | ranks |tau_min|tau_max|tau_mu |tau_med| center ok| deleted 
 1 |  3000   |    0     | 2999  |-0.421 | 0.894 | 0.173 | 0.178 |          |  1467   
 2 |  3009   |    0     | 2762  |-0.421 | 0.894 | 0.159 | 0.157 |          |   841   
 3 |  3004   |    0     | 2809  |-0.421 | 0.894 | 0.145 | 0.136 |          |  1198   
 4 |  3445   |    0     | 2940  |-0.347 | 0.894 | 0.253 | 0.252 |          |  1723   
 5 |  3243   |    0     | 2492  |-0.221 | 0.947 | 0.295 | 0.294 |          |  1960   
 6 |  3007   |    0     | 2334  |-0.221 | 0.947 | 0.329 | 0.326 |          |  1746   
 7 |  3001   |    0     | 2257  |-0.221 | 0.947 | 0.325 | 0.305 |          |  1762   
 8 |  3001   |    1     | 2215  |-0.168 | 1.000 | 0.494 | 0.494 |          |  1388   
 9 |  3002   |    2     | 1831  |-0.168 | 1.000 | 0.499 | 0.505 |          |  1429   
10 |  3000   |    3     | 1583  |-0.063 | 1.000 | 0.500 | 0.505 |          |  1536   
11 |  2765   |    4     | 1339  |-0.063 | 1.000 | 0.552 | 0.568 |          |  1392   
12 |  2368   |    5     | 1073  | 0.052 | 1.000 | 0.552 | 0.557 |          |  1143   
13 |  3057   |    14    |  701  | 0.021 | 1.000 | 0.619 | 0.610 |          |  1147   
14 |  3027   |    20    |  503  | 0.136 | 1.000 | 0.653 | 0.652 |          |   629   
15 |  2444   |    20    |  323  | 0.136 | 1.000 | 0.660 | 0.663 |          |   375   
16 |  2120   |    20    |  218  | 0.263 | 1.000 | 0.698 | 0.684 |          |  1781   
17 |  2370   |   114    |  120  | 0.400 | 1.000 | 0.791 | 0.810 |          |   928   
18 |  2094   |   164    |  58   | 0.505 | 1.000 | 0.793 | 0.810 |          |  1149   
19 |  2637   |   418    |  27   | 0.684 | 1.000 | 0.919 | 0.926 |          |   230   
20 |  2407   |   418    |  18   | 0.684 | 1.000 | 0.921 | 0.926 |          |    0    

