var(var(ref)/var(alt)) 
0|+2.113|+2.567|+0.273|+1.679|+2.060|+2.766|+0.732|
1|+1.302|+1.331|+1.349|+0.253|+2.039|+0.953|+4.403|
2|+5.584|+0.757|+0.232|+0.595|+0.718|+0.834|+2.539|

var(mean(ref)/mean(alt)) 
0|+0.035|+0.707|+0.002|+0.207|+0.159|+0.043|+0.001|
1|+0.038|+0.206|+0.001|+0.115|+0.256|+0.046|+0.017|
2|+0.060|+0.265|+0.001|+0.090|+0.085|+0.024|+0.006|

mean(var(ref)/var(alt)) 
0|+2.556|+2.761|+2.175|+3.117|+2.718|+2.775|+1.960|
1|+3.335|+3.462|+4.338|+1.241|+1.530|+2.847|+4.777|
2|+8.148|+3.526|+2.174|+1.603|+2.104|+3.274|+2.804|

mean(mean(ref)/mean(alt)) 
0|+0.806|+1.478|+0.998|+0.944|+0.943|+0.728|+0.942|
1|+0.865|+1.073|+0.997|+1.013|+0.635|+1.001|+0.935|
2|+0.544|+1.031|+0.985|+0.926|+1.062|+0.930|+1.013|

