var(var(ref)/var(alt)) 
0|+5.657|+3.949|+3.358|+2.869|+1.122|+4.421|
1|+0.420|+0.088|+0.923|+0.629|+0.324|+0.581|
2|+5.457|+5.441|+1.449|+1.313|+1.474|+4.003|

var(mean(ref)/mean(alt)) 
0|+0.479|+0.275|+0.117|+0.070|+0.016|+0.104|
1|+0.021|+0.025|+0.010|+0.043|+0.005|+0.003|
2|+1.065|+0.580|+0.073|+0.071|+0.064|+0.088|

mean(var(ref)/var(alt)) 
0|+4.019|+4.340|+4.681|+4.277|+2.052|+2.466|
1|+5.879|+2.888|+7.184|+7.222|+4.706|+2.481|
2|+4.133|+4.248|+2.204|+1.721|+2.496|+3.929|

mean(mean(ref)/mean(alt)) 
0|+1.171|+1.509|+1.128|+0.965|+1.003|+0.916|
1|+2.734|+2.006|+2.046|+0.975|+1.060|+1.277|
2|+1.828|+1.343|+0.914|+0.873|+0.948|+1.015|

